100
2
10 11
3
0 9 9
4
81 67 83 86
3
11 22 30
1
0
1
5
1
999999
1
1000000
2
5 10
3
0 10 11
5
10 20 21 22 23
5
422808 211404 761062 845625 491519
5
96 11 86 100 76
5
7 72 14 56 52
5
34 40 15 34 18
5
67 29 50 82 98
5
80 84 35 34 10
5
31 39 75 70 10
5
66 77 29 96 80
5
14 4 41 6 45
5
88 52 63 32 95
5
37 88 30 12 16
10
95 47 15 52 57 56 59 40 55 44
10
50 13 21 37 24 66 12 32 85 35
10
87 87 81 82 45 93 99 75 89 53
10
46 2 52 3 17 20 55 95 31 35
10
47 77 84 48 86 49 76 11 28 35
10
51 44 31 28 93 41 15 62 99 97
10
40 56 12 0 93 76 67 26 38 16
10
60 7 100 14 25 16 37 38 88 92
10
94 52 54 48 86 74 67 38 2 24
10
65 47 93 100 64 43 15 56 79 62
5
840461 965042 987940 993444 948688
5
994319 827411 972614 979506 854645
5
980851 872814 992084 973865 863984
5
984942 929451 843320 919826 931686
5
972229 992756 958258 949358 868137
5
860089 979947 826087 816116 938798
5
805764 837558 925931 954743 865775
5
857047 931374 926010 936143 860660
5
848470 916184 986386 965714 855584
5
942239 838649 989250 984336 895509
10
821507 955694 817389 959751 925385 835739 964297 828156 988575 821099
10
827165 897676 980893 968297 830875 867064 829262 887316 890531 849846
10
991258 909586 871361 908408 988155 967234 968728 934789 813654 937776
10
855940 868318 944326 847125 920828 988375 907545 863734 947147 928333
10
833036 824677 801307 852061 831969 940201 909866 932795 947474 805214
10
825315 834777 980278 858459 945754 875453 863124 967858 976926 807115
10
855057 874995 812098 896671 935366 814929 883999 981154 863923 813677
10
905640 826836 982449 843383 879387 802212 837034 955422 881689 928024
10
807768 935497 802487 936762 815325 857665 975384 817408 880297 877600
10
829897 922197 950899 914572 956245 802968 841816 808316 952183 901439
10
59 923758 50 956293 835515 857533 38 986960 24 55
10
819132 947896 808625 100 931646 993894 82 84 63 87
10
50 895153 897539 871483 39 988990 874928 97 10 61
10
99 877971 25 940500 878222 7 829514 928110 13 67
10
908361 66 40 844514 78 889886 824601 83 841456 32
10
33 806427 15 69 934440 957852 88 855727 910737 22
10
76 848320 855846 857773 49 860898 984407 38 93 45
10
817504 18 858810 905595 91 56 29 963873 932273 98
10
48 867837 995092 86 950056 902554 12 986848 46 36
10
45 816588 976768 879085 828393 994258 25 25 54 33
10
13 992032 886069 97 64 865304 61 918775 95 951558
10
44 859814 34 75 900628 73 992778 10 985547 963101
10
33 34 882167 875860 25 52 875316 891734 40 952198
10
39 33 877058 48 992672 0 980448 809956 88 850670
10
57 56 872095 60 899735 43 57 985118 895356 888739
10
8 802057 79 947884 49 83 955949 66 994952 827940
10
862820 994822 34 78 57 38 870234 803990 91 993124
10
32 966840 885357 13 847862 867745 994759 69 8 47
10
922319 95 48 61 853719 21 850470 810420 41 969992
10
949165 896174 97 874940 944485 22 82 0 914365 41
9
844643 888897 22204 756665 356815 743150 354810 6765 914815
9
341400 670980 148710 240510 436334 8010 988320 860505 89206
9
464905 225013 366030 622775 855840 787205 983635 949438 714558
7
303435 894480 812290 799775 955100 518985 272895
7
142030 837945 448425 582300 6075 288810 167255
10
646750 698699 47265 867510 751420 732210 266270 470910 83375 493522
7
148910 527156 380510 350240 631327 107306 100915
8
204005 64840 543405 596400 643825 652325 339500 90285
8
989660 282745 904530 669515 130020 386060 903305 462365
8
750948 621549 315079 810375 656264 372930 373568 307525
8
477980 133430 191007 905950 285100 562685 841374 131950
9
768645 29610 419850 821975 275035 755440 792220 289670 312106
10
755065 651971 331859 457175 257405 105065 718055 463620 62819 97505
10
150670 190715 576705 894417 632929 634835 965797 789540 159480 326690
9
545260 783185 986470 930165 121425 191230 71623 346929 26890
9
895935 138960 862042 812240 960255 957160 835101 898220 125521
10
176746 194512 758700 788500 871470 332810 821905 532007 11575 579062
7
791859 896701 874325 868905 882131 487810 213115
10
707665 83195 810110 43515 564380 808400 742940 516760 913485 769900
10
831255 696610 972655 142315 504945 322550 567880 601895 479235 197585
10
315704 554309 651666 362606 159305 610666 350261 685369 424633 933394
5
902065 728188 769975 403557 147446
9
963510 579901 794829 724440 138329 48528 906479 940367 610889
10
784497 169002 514895 734859 145890 327222 531205 394205 813826 709808
7
266612 483118 640075 319157 212616 645625 825218
5
635765 554686 63068 262827 628502
9
273634 289942 992678 205787 101105 376138 940133 589016 80785
10
942199 908936 845167 364198 990888 730426 354861 801374 186414 836991
